Matriz de adyacencia:
0 0 20 0 0 0 0 0 0 0 0 0 0 0 0 89 0 0 0 0 26 0 0 0 0 0 0 45 0 0
0 0 0 0 0 0 0 0 99 0 0 0 0 0 0 0 0 71 0 0 55 35 0 0 0 0 0 0 52 0
20 0 0 0 15 0 0 19 0 0 0 0 0 0 47 0 0 61 0 0 0 93 50 0 96 0 0 0 0 0
0 0 0 0 0 0 0 0 19 0 0 0 0 0 79 0 88 0 0 0 0 0 0 0 0 0 0 0 32 0
0 0 15 0 0 0 0 0 0 66 37 0 40 0 0 52 0 68 0 0 0 32 0 0 0 83 0 0 93 0
0 0 0 0 0 0 0 0 0 87 0 0 0 77 0 0 0 0 0 0 0 0 0 49 0 0 0 81 0 0
0 0 0 0 0 0 0 72 98 0 0 25 0 0 0 0 0 0 39 0 0 0 81 38 0 0 0 92 0 0
0 0 19 0 0 0 72 0 0 0 18 0 0 0 36 0 0 0 0 0 0 0 0 0 0 0 0 53 0 0
0 99 0 19 0 0 98 0 0 56 0 0 40 0 0 10 0 0 0 96 0 0 0 0 0 0 0 26 35 0
0 0 0 0 66 87 0 0 56 0 0 52 0 0 0 0 0 0 0 0 88 0 67 0 0 0 94 0 80 0
0 0 0 0 37 0 0 18 0 0 0 0 0 0 0 33 90 94 0 0 0 0 0 0 0 0 0 43 73 0
0 0 0 0 0 0 25 0 0 52 0 0 0 30 0 0 0 0 0 60 0 37 0 0 0 0 0 68 12 12
0 0 0 0 40 0 0 0 40 0 0 0 0 62 0 0 0 0 0 0 52 0 0 0 0 0 30 0 0 0
0 0 0 0 0 77 0 0 0 0 0 30 62 0 68 28 78 0 0 0 0 85 0 60 0 0 0 100 0 0
0 0 47 79 0 0 0 36 0 0 0 0 0 68 0 0 0 0 39 0 0 0 72 0 41 0 0 0 0 41
89 0 0 0 52 0 0 0 10 0 33 0 0 28 0 0 0 0 0 0 98 0 85 0 0 0 60 0 0 0
0 0 0 88 0 0 0 0 0 0 90 0 0 78 0 0 0 0 0 0 0 0 17 73 0 0 0 0 0 0
0 71 61 0 68 0 0 0 0 0 94 0 0 0 0 0 0 0 0 0 59 0 0 90 34 0 0 100 0 0
0 0 0 0 0 0 39 0 0 0 0 0 0 0 39 0 0 0 0 0 0 0 40 0 21 0 29 0 0 0
0 0 0 0 0 0 0 0 96 0 0 60 0 0 0 0 0 0 0 0 0 0 0 0 75 0 92 0 0 80
26 55 0 0 0 0 0 0 0 88 0 0 52 0 0 98 0 59 0 0 0 0 0 0 0 0 0 0 0 0
0 35 93 0 32 0 0 0 0 0 0 37 0 85 0 0 0 0 0 0 0 0 0 0 74 0 0 0 0 0
0 0 50 0 0 0 81 0 0 67 0 0 0 0 72 85 17 0 40 0 0 0 0 15 0 0 67 0 0 0
0 0 0 0 0 49 38 0 0 0 0 0 0 60 0 0 73 90 0 0 0 0 15 0 32 0 0 0 0 0
0 0 96 0 0 0 0 0 0 0 0 0 0 0 41 0 0 34 21 75 0 74 0 32 0 0 0 18 33 71
0 0 0 0 83 0 0 0 0 0 0 0 0 0 0 0 0 0 0 0 0 0 0 0 0 0 0 0 0 0
0 0 0 0 0 0 0 0 0 94 0 0 30 0 0 60 0 0 29 92 0 0 67 0 0 0 0 0 0 11
45 0 0 0 0 81 92 53 26 0 43 68 0 100 0 0 0 100 0 0 0 0 0 0 18 0 0 0 0 0
0 52 0 32 93 0 0 0 35 80 73 12 0 0 0 0 0 0 0 0 0 0 0 0 33 0 0 0 0 0
0 0 0 0 0 0 0 0 0 0 0 12 0 0 41 0 0 0 0 80 0 0 0 0 71 0 11 0 0 0
