Matriz de adyacencia:
0 75 60 0 86 0 99 0 14 30 0 92 0 64 0 33 0 0 0 18
75 0 78 85 16 83 90 41 99 21 57 28 14 66 92 0 48 0 0 0
60 78 0 24 88 0 45 42 0 0 92 91 0 0 36 54 89 0 0 0
0 85 24 0 0 13 0 61 0 50 0 34 65 79 0 17 36 0 0 0
86 16 88 0 0 96 81 0 0 0 53 22 0 0 0 0 0 0 0 56
0 83 0 13 96 0 20 0 0 45 42 0 0 0 47 59 0 48 28 67
99 90 45 0 81 20 0 0 46 71 0 15 18 0 46 0 37 30 0 98
0 41 42 61 0 0 0 0 46 0 25 32 0 97 0 0 100 59 0 26
14 99 0 0 0 0 46 46 0 71 0 0 0 62 21 48 0 0 18 74
30 21 0 50 0 45 71 0 71 0 0 76 62 0 17 0 30 28 45 0
0 57 92 0 53 42 0 25 0 0 0 0 63 0 0 17 0 0 0 67
92 28 91 34 22 0 15 32 0 76 0 0 74 0 0 0 0 70 68 94
0 14 0 65 0 0 18 0 0 62 63 74 0 0 14 0 0 0 0 0
64 66 0 79 0 0 0 97 62 0 0 0 0 0 26 0 0 0 93 64
0 92 36 0 0 47 46 0 21 17 0 0 14 26 0 28 0 0 47 48
33 0 54 17 0 59 0 0 48 0 17 0 0 0 28 0 43 0 69 34
0 48 89 36 0 0 37 100 0 30 0 0 0 0 0 43 0 26 29 0
0 0 0 0 0 48 30 59 0 28 0 70 0 0 0 0 26 0 0 0
0 0 0 0 0 28 0 0 18 45 0 68 0 93 47 69 29 0 0 0
18 0 0 0 56 67 98 26 74 0 67 94 0 64 48 34 0 0 0 0
