Matriz de adyacencia:
0 26 0 74 71 0 70 0 90 19 49 0 85 68 86 0 0 24 81 0
26 0 0 0 65 46 64 35 89 41 58 98 40 0 15 0 73 88 0 86
0 0 0 90 18 0 40 39 68 47 87 67 82 40 0 0 65 0 41 59
74 0 90 0 39 17 98 26 22 79 0 74 97 84 36 78 52 10 64 0
71 65 18 39 0 97 38 25 53 38 0 36 17 84 0 0 22 96 84 89
0 46 0 17 97 0 0 59 94 63 78 38 61 74 48 54 55 38 39 28
70 64 40 98 38 0 0 0 0 55 26 93 93 0 74 46 89 0 38 86
0 35 39 26 25 59 0 0 71 0 58 0 23 94 0 70 83 0 44 71
90 89 68 22 53 94 0 71 0 63 36 19 45 82 0 53 0 45 78 36
19 41 47 79 38 63 55 0 63 0 44 86 74 43 87 0 0 0 13 52
49 58 87 0 0 78 26 58 36 44 0 0 58 54 56 43 10 33 59 25
0 98 67 74 36 38 93 0 19 86 0 0 10 43 0 12 32 55 64 57
85 40 82 97 17 61 93 23 45 74 58 10 0 36 37 47 68 0 58 63
68 0 40 84 84 74 0 94 82 43 54 43 36 0 66 25 0 59 33 23
86 15 0 36 0 48 74 0 0 87 56 0 37 66 0 0 67 10 67 26
0 0 0 78 0 54 46 70 53 0 43 12 47 25 0 0 14 57 98 36
0 73 65 52 22 55 89 83 0 0 10 32 68 0 67 14 0 46 20 53
24 88 0 10 96 38 0 0 45 0 33 55 0 59 10 57 46 0 46 40
81 0 41 64 84 39 38 44 78 13 59 64 58 33 67 98 20 46 0 69
0 86 59 0 89 28 86 71 36 52 25 57 63 23 26 36 53 40 69 0
