Matriz de adyacencia:
0 26 0 0 0 0 70 0 0 19 49 0 0 0 0 0 0 24 0 0 
26 0 0 0 0 0 0 0 0 0 0 0 40 0 0 0 0 0 0 0 
0 0 0 0 0 0 0 0 0 47 0 0 0 0 0 0 0 0 0 0 
0 0 0 0 0 17 0 26 22 0 0 0 0 0 0 0 0 10 0 0 
0 0 0 0 0 0 0 0 0 38 0 0 0 0 0 0 0 0 0 0 
0 0 0 17 0 0 0 0 0 0 0 0 0 0 0 0 0 0 0 0 
70 0 0 0 0 0 0 0 0 0 0 0 0 0 0 0 0 0 0 0 
0 0 0 26 0 0 0 0 0 0 0 0 0 0 0 0 0 0 0 0 
0 0 0 22 0 0 0 0 0 0 0 19 0 0 0 0 0 0 0 0 
19 0 47 0 38 0 0 0 0 0 0 0 0 43 0 0 0 0 13 0 
49 0 0 0 0 0 0 0 0 0 0 0 0 0 0 0 0 0 0 0 
0 0 0 0 0 0 0 0 19 0 0 0 0 0 0 0 0 0 0 0 
0 40 0 0 0 0 0 0 0 0 0 0 0 0 0 0 0 0 0 0 
0 0 0 0 0 0 0 0 0 43 0 0 0 0 0 0 0 0 0 0 
0 0 0 0 0 0 0 0 0 0 0 0 0 0 0 0 0 10 0 26 
0 0 0 0 0 0 0 0 0 0 0 0 0 0 0 0 14 0 0 0 
0 0 0 0 0 0 0 0 0 0 0 0 0 0 0 14 0 0 20 0 
24 0 0 10 0 0 0 0 0 0 0 0 0 0 10 0 0 0 0 0 
0 0 0 0 0 0 0 0 0 13 0 0 0 0 0 0 20 0 0 0 
0 0 0 0 0 0 0 0 0 0 0 0 0 0 26 0 0 0 0 0 
