Matriz de adyacencia:
0 0 60 0 0 0 0 0 14 30 0 0 0 0 0 33 0 0 0 18 
0 0 0 0 16 0 0 0 0 21 0 0 0 0 0 0 0 0 0 0 
60 0 0 0 0 0 0 0 0 0 0 0 0 0 0 0 0 0 0 0 
0 0 0 0 0 0 0 0 0 0 0 0 0 0 0 17 0 0 0 0 
0 16 0 0 0 0 0 0 0 0 0 0 0 0 0 0 0 0 0 0 
0 0 0 0 0 0 0 0 0 0 0 0 0 0 0 0 0 0 28 0 
0 0 0 0 0 0 0 0 46 0 0 15 0 0 0 0 0 0 0 0 
0 0 0 0 0 0 0 0 0 0 0 0 0 0 0 0 0 0 0 26 
14 0 0 0 0 0 46 0 0 0 0 0 0 0 21 0 0 0 18 0 
30 21 0 0 0 0 0 0 0 0 0 0 0 0 0 0 30 28 0 0 
0 0 0 0 0 0 0 0 0 0 0 0 0 0 0 17 0 0 0 0 
0 0 0 0 0 0 15 0 0 0 0 0 0 0 0 0 0 0 0 0 
0 0 0 0 0 0 0 0 0 0 0 0 0 0 14 0 0 0 0 0 
0 0 0 0 0 0 0 0 0 0 0 0 0 0 26 0 0 0 0 0 
0 0 0 0 0 0 0 0 21 0 0 0 14 26 0 0 0 0 0 0 
33 0 0 17 0 0 0 0 0 0 17 0 0 0 0 0 0 0 0 0 
0 0 0 0 0 0 0 0 0 30 0 0 0 0 0 0 0 0 0 0 
0 0 0 0 0 0 0 0 0 28 0 0 0 0 0 0 0 0 0 0 
0 0 0 0 0 28 0 0 18 0 0 0 0 0 0 0 0 0 0 0 
18 0 0 0 0 0 0 26 0 0 0 0 0 0 0 0 0 0 0 0 
